DY
112
61
1;2;3;4;5;6;7;8;9;10;11;12;13;14;15;16;17;18;19;20;21;22;23;24;25;26;27;28;29;30;31;32;33;34;35;36;37;38;39;40;41;42;43;44;45;46;47;48;49;50;51;52;53;54;55;56;57;58;59;60;61
2.215400;1.902700;1.902700;1.227500;1.227500;0.718440;0.087347;0.087347;-0.341850;-0.257310;-0.257310;-0.172760;-0.172760;-0.341850;-0.090516;-0.090516;-0.172760;-0.341850;-0.341850;-0.341850;-0.341850;-0.343860;-0.598870;-0.598870;-0.428400;-0.432080;-0.432080;-0.343860;-0.343860;-0.170750;0.002015;0.002015;-0.086214;0.084263;0.084263;-0.003965;-0.003965;0.097140;0.641140;0.641140;1.624100;2.228600;2.228600;2.787500;2.787500;2.604500;1.701400;1.701400;0.547350;-0.594050;-0.594050;-1.767800;-1.767800;-2.273300;-2.474100;-2.474100;-2.861100;-3.018800;-3.018800;-3.247300;3.000000
2.665600;1.835500;1.835500;0.877670;0.877670;0.113450;0.113450;-0.714570;-0.714570;-0.639090;-0.639090;-0.535390;-0.535390;-0.428410;-0.428410;-0.428410;-0.428410;-0.538370;-0.538370;-0.538370;-0.538370;-0.428410;-0.428410;-0.428410;-0.428410;-0.428410;-0.428410;-0.318450;-0.318450;-0.211470;-0.211470;-0.428410;-0.428410;-0.428410;-0.428410;-0.321430;-0.321430;-0.321430;-0.321430;-0.535390;-0.535390;-0.538370;-0.538370;-0.321430;-0.321430;-0.324710;-0.324710;0.072847;0.072847;0.658620;0.658620;1.228500;1.228500;1.394400;1.394400;1.664000;1.664000;1.619600;1.619600;1.140800;1.000000
2.484800;1.714600;1.714600;0.653980;0.653980;-0.242360;-0.242360;-0.654220;-0.654220;-0.586990;-0.586990;-0.487330;-0.487330;-0.487330;-0.384880;-0.384880;-0.384880;-0.384880;-0.282430;-0.282430;-0.282430;-0.282430;-0.282430;-0.282430;-0.487330;-0.487330;-0.384880;-0.487330;-0.487330;-0.384880;-0.384880;-0.384880;-0.384880;-0.282430;-0.282430;-0.487330;-0.487330;-0.282430;-0.282430;-0.592210;-0.592210;-0.592210;-0.592210;-0.592210;-0.282430;-0.282430;0.102100;0.102100;0.911190;0.911190;1.314800;1.314800;1.864300;2.106800;2.106800;1.513000;1.513000;0.911190;0.911190;0.722990;2.000000
2.501200;2.094000;2.094000;1.316000;1.316000;0.680900;0.680900;0.002579;0.002579;-0.090578;-0.090578;-0.186300;-0.186300;-0.186300;-0.186300;-0.367100;-0.367100;-0.547900;-0.547900;-0.547900;-0.547900;-0.547900;-0.547900;-0.547900;-0.367100;-0.367100;-0.274890;-0.274890;-0.274890;-0.274890;-0.274890;-0.274890;-0.274890;-0.274890;-0.459310;-0.459310;-0.459310;-0.459310;-0.459310;-0.459310;-0.459310;-0.459310;-0.459310;0.006192;0.006192;0.452370;0.452370;1.069500;1.069500;1.615200;1.615200;2.114700;2.114700;1.854300;1.854300;1.295200;0.344890;0.344890;-0.655460;-0.655460;4.000000
2.315000;2.315000;1.916800;1.916800;0.691040;0.691040;-0.462480;-0.462480;-0.256790;-0.256790;-0.338710;-0.338710;-0.708770;-0.708770;-0.431260;-0.431260;-0.338710;-0.338710;-0.431260;-0.431260;-0.431260;-0.431260;-0.153760;-0.153760;-0.523820;-0.523820;-0.431260;-0.431260;-0.431260;-0.431260;-0.431260;-0.431260;-0.612970;-0.612970;-0.431260;-0.431260;-0.619610;-0.619610;-0.718440;-0.718440;-0.718440;-0.718440;-0.296050;-0.296050;-0.100770;-0.100770;0.468530;0.468530;0.958390;0.958390;1.450700;1.450700;1.331800;1.331800;1.514300;1.514300;0.973090;0.973090;0.776990;0.776990;1.000000
3.043800;3.043800;2.309200;2.309200;1.437500;1.437500;0.258060;0.258060;-0.579790;-0.579790;-0.681560;-0.681560;-0.573330;-0.573330;-0.461660;-0.461660;-0.350000;-0.350000;-0.350000;-0.350000;-0.350000;-0.461660;-0.461660;-0.461660;-0.461660;-0.688100;-0.688100;-0.573330;-0.573330;-0.688100;-0.688100;-0.350000;-0.350000;-0.461660;-0.461660;-0.346890;-0.346890;-0.346890;-0.576440;-0.576440;-0.461660;-0.461660;-0.688100;-0.688100;-0.350000;-0.350000;0.070842;0.070842;0.781430;0.781430;1.325000;1.325000;1.779500;1.779500;1.866200;1.866200;1.866200;1.445300;1.445300;0.476820;4.000000
2.888300;2.445000;2.445000;2.007600;2.007600;1.315400;0.696480;0.696480;-0.151280;-0.151280;-0.043732;-0.488760;-0.488760;-0.377440;-0.377440;-0.484990;-0.377440;-0.377440;-0.484990;-0.484990;-0.158570;-0.377440;-0.377440;-0.488760;-0.488760;-0.488760;-0.488760;-0.488760;-0.711150;-0.603600;-0.603600;-0.492280;-0.492280;-0.492280;-0.610320;-0.610320;-0.221170;-0.221170;0.547620;1.773500;1.773500;2.555900;2.555900;2.723400;2.462300;2.462300;0.980270;0.980270;-0.743080;-1.695900;-1.695900;-1.574900;-1.574900;-1.401400;-0.588600;-0.588600;-0.091147;-0.091147;0.079333;-0.091147;3.000000
2.127200;1.814800;1.814800;1.398000;0.821290;0.821290;0.270870;0.270870;-0.092142;-0.092142;-0.092142;-0.258780;-0.258780;-0.258780;-0.176600;-0.176600;-0.340950;-0.258780;-0.258780;-0.176600;-0.176600;-0.176600;-0.340950;-0.340950;-0.258780;-0.425410;-0.425410;-0.340950;-0.340950;-0.340950;-0.258780;-0.176600;-0.176600;-0.092142;-0.092142;-0.258780;-0.146950;-0.146950;0.474090;1.141400;1.141400;1.863000;1.863000;2.463500;2.566100;2.566100;1.534300;0.138600;0.138600;-1.176100;-2.222900;-2.222900;-2.965100;-2.965100;-3.043800;-2.894100;-2.894100;-3.217700;-3.777700;-3.777700;3.000000
2.768700;2.448700;2.448700;1.912200;1.912200;0.939490;0.118470;0.118470;-0.569240;-0.569240;-0.569240;-0.569240;-0.674150;-0.576510;-0.576510;-0.576510;-0.576510;-0.475160;-0.475160;-0.475160;-0.265330;-0.265330;-0.370240;-0.370240;-0.478470;-0.370240;-0.370240;-0.478470;-0.478470;-0.694630;-0.370240;-0.370240;-0.157110;-0.157110;-0.370240;-0.370240;-0.262020;-0.259000;-0.259000;-0.478470;-0.478470;-0.694630;-0.370240;-0.370240;0.096604;0.096604;0.900610;0.900610;1.465400;2.071000;2.071000;2.345100;2.345100;1.997200;1.301400;1.301400;0.736580;0.736580;0.361870;0.361870;2.000000
2.546600;2.036200;2.036200;1.326500;0.671580;0.671580;-0.035878;-0.035878;-0.579700;-0.420890;-0.420890;-0.342530;-0.342530;-0.342530;-0.261690;-0.261690;-0.178600;-0.344780;-0.344780;-0.261690;-0.344780;-0.344780;-0.261690;-0.261690;-0.261690;-0.178600;-0.178600;-0.344780;-0.178600;-0.178600;-0.429850;-0.344780;-0.344780;-0.344780;-0.261690;-0.261690;-0.151680;-0.151680;0.627460;1.279700;1.279700;1.989600;2.499500;2.499500;2.462400;2.462400;1.205300;-0.213380;-0.213380;-1.409600;-2.462200;-2.462200;-3.156800;-2.449700;-2.449700;-2.438000;-2.438000;-3.326200;-3.773400;-3.773400;3.000000
2.614500;1.858800;1.858800;1.216600;1.216600;0.484770;0.484770;-0.235750;-0.235750;-0.739960;-0.739960;-0.638650;-0.638650;-0.638650;-0.638650;-0.638650;-0.638650;-0.533780;-0.533780;-0.425590;-0.425590;-0.317410;-0.317410;-0.317410;-0.317410;-0.425590;-0.425590;-0.425590;-0.425590;-0.425590;-0.425590;-0.644980;-0.644980;-0.533780;-0.533780;-0.536790;-0.536790;-0.425590;-0.425590;-0.317410;-0.317410;-0.206210;-0.206210;-0.064524;-0.064524;0.550230;0.550230;0.756160;0.756160;1.056500;1.056500;1.515400;1.515400;1.576800;1.576800;1.395900;1.395900;1.327700;1.327700;1.045000;1.000000
2.423800;1.941900;1.941900;1.294100;1.294100;0.954720;0.185310;0.185310;-0.449460;-0.449460;-0.362640;-0.184140;-0.184140;-0.449460;-0.362640;-0.362640;-0.184140;-0.184140;-0.184140;-0.273390;-0.273390;-0.097308;-0.097308;-0.184140;-0.273390;-0.273390;-0.273390;-0.273390;-0.273390;-0.449460;-0.449460;-0.273390;-0.362640;-0.362640;-0.454010;-0.454010;-0.245690;-0.364760;-0.364760;0.547270;0.547270;1.893500;2.769200;2.769200;2.994000;2.994000;2.898300;1.554000;1.554000;-0.292780;-1.613700;-1.613700;-2.553800;-2.553800;-2.721300;-3.180400;-3.180400;-3.425600;-3.425600;-3.368800;3.000000
2.307800;1.691000;1.691000;0.987660;0.987660;0.291960;-0.310290;-0.310290;-0.581810;-0.581810;-0.400870;-0.310290;-0.310290;-0.216860;-0.216860;-0.216860;-0.216860;-0.216860;-0.310290;-0.310290;-0.310290;-0.219720;-0.219720;-0.132220;-0.132220;-0.132220;-0.219720;-0.219720;-0.132220;-0.222790;-0.222790;-0.397800;-0.397800;-0.397800;-0.222790;-0.222790;-0.310290;-0.310290;-0.310290;-0.222790;-0.222790;0.173560;0.173560;0.515350;0.907510;0.907510;1.396900;1.396900;1.855800;1.562200;1.562200;1.132900;1.132900;0.843980;0.354560;0.354560;-0.310290;-0.310290;-0.514720;-0.614950;2.000000
1.775800;1.378900;1.378900;1.338200;1.338200;0.750400;-0.274940;-0.274940;-0.632500;-0.632500;-0.407250;-0.407250;-0.750680;-0.640000;-0.640000;-0.525440;-0.525440;-0.525440;-0.761480;-0.761480;-0.528730;-0.528730;-0.528730;-0.528730;-0.528730;-0.528730;-0.528730;-0.407250;-0.407250;-0.407250;-0.285780;-0.285780;-0.285780;-0.285780;-0.285780;-0.167590;-0.167590;-0.285780;-0.285780;-0.528730;-0.407250;-0.407250;-0.174510;-0.174510;0.172780;1.084400;1.084400;1.908400;1.908400;2.263900;2.443300;2.443300;1.977800;1.977800;1.184400;1.184400;0.481840;0.134730;0.134730;-0.277330;2.000000
0.971780;2.435600;2.435600;2.321200;2.321200;2.322600;2.343000;2.343000;2.280200;2.280200;2.280200;2.280200;2.280200;2.280200;2.280200;2.280200;2.280200;2.280200;2.280200;2.280200;2.280200;2.280200;2.280200;2.280200;2.280200;2.280200;2.280200;2.280200;2.280200;2.280200;2.280200;2.280200;2.280200;2.280200;2.280200;2.280200;2.280200;2.280200;0.445160;0.445160;0.834860;0.834860;1.152500;1.174400;1.174400;0.498170;0.498170;-0.288990;-0.954490;-0.954490;-1.600800;-1.989900;-1.989900;-2.007200;-2.007200;-2.240700;-2.673200;-2.673200;-2.448100;-1.772800;3.000000
2.634900;1.145100;1.145100;-0.361100;-0.361100;-0.361100;-0.361100;-0.361100;-0.364250;-0.453230;-0.453230;-0.453230;-0.367270;-0.367270;-0.367270;-0.367270;-0.367270;-0.278290;-0.278290;-0.278290;-0.278290;-0.278290;-0.278290;-0.370080;-0.370080;-0.370080;-0.370080;-0.370080;-0.278290;-0.278290;-0.278290;-0.186500;-0.186500;-0.186500;-0.278290;-0.278290;-0.464430;-0.464430;-0.464430;-0.464430;-0.370080;-0.370080;0.022934;0.022934;0.576320;1.154000;1.154000;1.620200;1.897600;1.897600;1.815200;1.457100;1.457100;0.980820;0.980820;0.616060;0.244340;0.244340;-0.177380;-0.379200;2.000000
3.346400;2.537200;2.537200;1.222100;1.222100;-0.020012;-0.183710;-0.183710;-0.266760;-0.266760;-0.266760;-0.266760;-0.454420;-0.266760;-0.266760;-0.360590;-0.360590;-0.360590;-0.454420;-0.454420;-0.266760;-0.266760;-0.360590;-0.454420;-0.454420;-0.454420;-0.454420;-0.360590;-0.454420;-0.454420;-0.454420;-0.454420;-0.360590;-0.360590;-0.457710;-0.360590;-0.360590;-0.457710;-0.457710;-0.457710;-0.360590;-0.360590;-0.033095;-0.033095;0.222140;0.878860;0.878860;1.295100;1.295100;1.817000;1.935700;1.935700;1.694100;1.694100;1.023800;1.023800;0.607560;-0.230730;-0.230730;-0.792710;2.000000
2.484000;1.963400;1.963400;1.342100;1.342100;0.906620;0.069869;0.069869;-0.221030;-0.221030;-0.221030;-0.221030;-0.221030;-0.396070;-0.396070;-0.308550;-0.486650;-0.486650;-0.396070;-0.396070;-0.486650;-0.399130;-0.399130;-0.492580;-0.498050;-0.498050;-0.492580;-0.492580;-0.402000;-0.402000;-0.402000;-0.215100;-0.215100;-0.028467;-0.308550;-0.308550;0.148030;0.148030;0.802030;1.283700;1.283700;1.249000;1.249000;1.829100;0.393220;0.393220;-0.930140;-0.930140;-2.596600;-3.438800;-3.438800;-4.165300;-4.165300;-2.933500;-2.358100;-2.358100;0.906620;0.906620;2.607200;3.288000;3.000000
1.758000;1.215700;1.215700;1.337800;1.337800;1.302300;1.302300;0.456780;0.456780;-0.427920;-0.427920;-0.305780;-0.305780;-0.427920;-0.427920;-0.546740;-0.546740;-0.668870;-0.427920;-0.427920;-0.427920;-0.427920;-0.427920;-0.427920;-0.550050;-0.550050;-0.305780;-0.305780;-0.427920;-0.427920;-0.427920;-0.427920;-0.427920;-0.427920;-0.305780;-0.427920;-0.427920;-0.550050;-0.550050;-0.550050;-0.550050;-0.309090;-0.309090;0.274070;0.274070;0.975090;0.975090;1.972300;1.972300;2.510700;2.510700;2.683800;1.970000;1.970000;1.399600;1.399600;0.393890;0.393890;-0.144570;-0.144570;2.000000
2.585100;1.972500;1.972500;0.725360;0.725360;-0.260690;-0.260690;-0.260690;-0.260690;-0.232880;-0.232880;-0.334770;-0.334770;-0.334770;-0.334770;-0.334770;-0.530560;-0.530560;-0.632450;-0.632450;-0.632450;-0.632450;-0.738220;-0.738220;-0.738220;-0.749800;-0.749800;-0.538430;-0.538430;-0.538430;-0.538430;-0.432660;-0.432660;-0.432660;-0.323190;-0.323190;-0.432660;-0.432660;-0.542140;-0.542140;-0.432660;-0.432660;-0.054978;0.902550;0.902550;1.889400;1.889400;2.788300;2.788300;3.268200;3.268200;3.218700;3.218700;2.045900;0.946180;0.946180;0.156670;0.156670;-0.548750;-0.548750;4.000000
3.401100;2.779700;2.779700;1.472900;1.472900;0.572940;0.572940;-0.160490;-0.160490;-0.483940;-0.483940;-0.483940;-0.483940;-0.390950;-0.390950;-0.297970;-0.297970;-0.297970;-0.297970;-0.297970;-0.297970;-0.297970;-0.297970;-0.297970;-0.297970;-0.483940;-0.483940;-0.483940;-0.483940;-0.483940;-0.483940;-0.483940;-0.580470;-0.580470;-0.390950;-0.390950;-0.390950;-0.390950;-0.487490;-0.487490;-0.250480;-0.250480;0.082031;0.082031;0.356890;0.356890;0.670440;0.670440;1.126000;1.126000;1.076900;1.076900;1.184900;1.184900;0.919500;0.605950;0.605950;0.246890;0.246890;0.059007;1.000000
3.372300;2.892700;2.892700;1.780700;1.780700;0.910240;-0.032571;-0.032571;-0.577810;-0.577810;-0.360960;-0.250850;-0.250850;-0.471080;-0.360960;-0.360960;-0.360960;-0.360960;-0.584260;-0.471080;-0.471080;-0.360960;-0.360960;-0.360960;-0.360960;-0.360960;-0.247780;-0.247780;-0.360960;-0.360960;-0.360960;-0.360960;-0.360960;-0.360960;-0.360960;-0.360960;-0.360960;-0.360960;-0.360960;-0.360960;-0.360960;-0.250850;0.006544;0.006544;0.470130;0.470130;1.132700;1.683300;1.683300;2.017700;2.144200;2.144200;1.680600;1.680600;1.018100;0.588460;0.588460;0.144000;0.144000;-0.360960;2.000000
2.555200;2.369300;2.369300;2.031500;2.031500;1.198500;0.180490;0.180490;-0.564790;-0.564790;-0.564790;-0.455590;-0.455590;-0.455590;-0.349740;-0.349740;-0.240550;-0.240550;-0.240550;-0.458940;-0.458940;-0.458940;-0.349740;-0.349740;-0.349740;-0.349740;-0.349740;-0.240550;-0.240550;-0.240550;-0.240550;-0.349740;-0.458940;-0.458940;-0.458940;-0.458940;-0.458940;-0.458940;-0.458940;-0.571180;-0.240550;-0.240550;-0.349740;-0.349740;-0.091190;0.474440;0.474440;1.243700;1.510900;1.510900;2.148100;2.148100;2.121600;1.556000;1.556000;0.898950;0.898950;0.529230;0.001166;0.001166;2.000000
2.791700;2.791700;2.166600;2.166600;1.499000;1.499000;0.562150;0.562150;0.146360;0.146360;-0.521190;-0.521190;-0.429290;-0.429290;-0.524940;-0.524940;-0.333650;-0.333650;-0.616840;-0.616840;-0.524940;-0.524940;-0.524940;-0.524940;-0.429290;-0.429290;-0.524940;-0.524940;-0.528580;-0.528580;-0.528580;-0.528580;-0.528580;-0.528580;-0.429290;-0.429290;-0.528580;-0.528580;-0.234360;-0.234360;-0.000669;-0.000669;0.228470;0.228470;0.496350;0.496350;1.040700;1.040700;1.175100;1.175100;1.175100;1.470100;1.470100;1.586600;1.586600;1.219400;1.219400;0.891480;0.891480;0.679280;1.000000
1.648800;1.362000;1.362000;1.166200;1.166200;0.190380;-0.428900;-0.428900;-0.398960;-0.398960;-0.398960;-0.639250;-0.639250;-0.398960;-0.398960;-0.520750;-0.398960;-0.398960;-0.398960;-0.398960;-0.277160;-0.520750;-0.520750;-0.277160;-0.277160;-0.520750;-0.520750;-0.520750;-0.520750;-0.520750;-0.277160;-0.277160;-0.398960;-0.277160;-0.277160;-0.277160;-0.277160;-0.277160;-0.520750;-0.520750;-0.398960;-0.398960;-0.280460;0.230680;0.230680;0.895450;0.895450;1.732700;2.110500;2.110500;2.445000;2.445000;2.062800;1.398000;1.398000;0.682600;0.682600;0.183020;-0.139700;-0.139700;2.000000
2.849500;2.222500;2.222500;1.543500;1.543500;0.618940;0.618940;-0.162880;-0.162880;-0.309430;-0.309430;-0.111290;-0.111290;-0.122880;-0.122880;-0.122880;-0.122880;-0.035511;-0.035511;-0.222010;-0.222010;-0.229880;-0.229880;-0.408550;-0.408550;-0.321190;-0.321190;-0.495920;-0.495920;-0.499860;-0.499860;-0.682470;-0.682470;-0.499860;-0.499860;-0.682470;-0.682470;-0.694230;-0.694230;-0.408550;-0.408550;0.283320;0.283320;0.925000;0.925000;1.979500;1.979500;2.761400;2.761400;3.111100;3.111100;2.407900;2.407900;1.448200;1.448200;0.373270;0.373270;-0.427290;-0.427290;-1.091000;4.000000
2.367500;1.953200;1.953200;1.415500;0.786460;0.786460;-0.013873;-0.013873;-0.346780;-0.346780;-0.346780;-0.346780;-0.346780;-0.346780;-0.263180;-0.263180;-0.263180;-0.263180;-0.263180;-0.263180;-0.263180;-0.263180;-0.349110;-0.349110;-0.437080;-0.437080;-0.437080;-0.437080;-0.349110;-0.349110;-0.263180;-0.089290;-0.089290;-0.089290;-0.089290;-0.089290;-0.263180;-0.263180;0.197080;1.014900;1.014900;2.102000;2.102000;2.805400;3.125400;3.125400;2.050600;0.272030;0.272030;-1.627200;-3.013500;-3.013500;-3.651800;-3.651800;-3.296200;-2.231700;-2.231700;-2.065500;-2.342400;-2.342400;3.000000
2.725500;2.240600;2.240600;1.175400;1.175400;0.123120;-0.474580;-0.474580;-0.549270;-0.549270;-0.451190;-0.248150;-0.248150;-0.349670;-0.349670;-0.349670;-0.349670;-0.454400;-0.454400;-0.454400;-0.663570;-0.663570;-0.454400;-0.454400;-0.454400;-0.349670;-0.349670;-0.244930;-0.242020;-0.242020;-0.349670;-0.349670;-0.349670;-0.244930;-0.244930;-0.562050;-0.562050;-0.349670;-0.457320;-0.457320;-0.349670;-0.349670;-0.454400;0.376740;0.376740;0.886990;0.886990;1.766000;1.766000;1.986000;2.497800;2.497800;1.879100;1.879100;1.261100;0.260690;0.260690;0.047044;0.047044;-0.578810;2.000000
2.092600;1.820500;1.820500;1.189600;0.589400;0.589400;0.166570;-0.073585;-0.073585;-0.226230;-0.148860;-0.148860;-0.073585;-0.226230;-0.226230;-0.301510;-0.226230;-0.226230;-0.226230;-0.378880;-0.378880;-0.303600;-0.303600;-0.303600;-0.382820;-0.463560;-0.463560;-0.305440;-0.386190;-0.386190;-0.305440;-0.147020;-0.147020;0.011100;0.011100;-0.147020;0.189330;0.189330;0.516400;1.323700;1.323700;2.014300;2.598300;2.598300;2.531800;1.802600;1.802600;0.333170;-1.181200;-1.181200;-2.627300;-3.213800;-3.213800;-3.326300;-2.655800;-2.655800;-1.589200;-1.057500;-1.057500;-1.638900;3.000000
2.438200;2.051600;2.051600;1.442800;1.442800;0.674280;0.674280;-0.048630;-0.048630;-0.174340;-0.345660;-0.345660;-0.261480;-0.261480;-0.261480;-0.261480;-0.345660;-0.429850;-0.429850;-0.261480;-0.261480;-0.429850;-0.429850;-0.429850;-0.429850;-0.261480;-0.261480;-0.261480;-0.429850;-0.429850;-0.261480;-0.261480;-0.345660;-0.429850;-0.429850;-0.516990;-0.516990;-0.432800;-0.432800;-0.606880;-0.606880;-0.432800;-0.180380;-0.180380;0.466910;0.466910;1.133700;1.133700;1.869300;1.869300;2.207100;2.151300;2.151300;1.493300;1.493300;0.628360;0.628360;-0.116670;-0.643120;-0.643120;4.000000
3.462100;2.951100;2.951100;2.055200;2.055200;1.107200;0.191020;0.191020;-0.189740;-0.189740;-0.429170;-0.429170;-0.551120;-0.551120;-0.551120;-0.551120;-0.551120;-0.668600;-0.551120;-0.551120;-0.307210;-0.307210;-0.307210;-0.307210;-0.429170;-0.429170;-0.429170;-0.307210;-0.307210;-0.429170;-0.551120;-0.551120;-0.429170;-0.429170;-0.555390;-0.677340;-0.677340;-0.807560;-0.807560;-0.429170;-0.429170;-0.013645;0.504940;0.504940;0.863060;0.863060;1.426300;1.442300;1.442300;1.135000;1.135000;0.973000;0.614880;0.614880;0.064368;0.064368;-0.320960;-0.320960;-0.537380;-0.970200;3.000000
2.687500;2.260200;2.260200;1.541100;1.541100;0.766800;0.278080;0.278080;-0.355230;-0.355230;-0.257330;-0.355230;-0.355230;-0.355230;-0.355230;-0.453120;-0.257330;-0.257330;-0.453120;-0.453120;-0.257330;-0.355230;-0.355230;-0.456550;-0.554440;-0.554440;-0.456550;-0.456550;-0.658970;-0.456550;-0.456550;-0.459750;-0.459750;-0.459750;-0.459750;-0.459750;-0.355230;-0.355230;-0.567190;-0.250700;-0.250700;-0.149380;-0.149380;0.363300;0.964050;0.964050;1.692800;1.692800;2.017900;2.396300;2.396300;1.999100;1.999100;1.513200;1.005700;1.005700;0.468600;0.468600;-0.011049;-0.355230;2.000000
2.085300;1.636700;1.636700;1.117800;0.517230;0.517230;0.056671;-0.224640;-0.224640;-0.154280;-0.154280;-0.154280;-0.224640;-0.224640;-0.224640;-0.294990;-0.294990;-0.294990;-0.294990;-0.294990;-0.224640;-0.224640;-0.224640;-0.296950;-0.296950;-0.296950;-0.224640;-0.224640;-0.224640;-0.224640;-0.152320;-0.152320;-0.081966;-0.081966;-0.027398;0.543890;0.543890;1.135900;1.674500;1.674500;2.018400;2.022200;2.022200;1.152500;0.242160;0.242160;-0.633840;-1.048100;-1.048100;-2.492200;-2.668700;-2.668700;-2.505500;-2.505500;-2.621500;-2.831800;-2.831800;-2.196100;-1.822500;-1.822500;3.000000
2.725300;2.178400;2.178400;1.169800;1.169800;0.284350;0.284350;-0.446080;-0.446080;-0.418520;-0.418520;-0.418520;-0.418520;-0.418520;-0.418520;-0.418520;-0.418520;-0.418520;-0.418520;-0.418520;-0.418520;-0.418520;-0.530610;-0.530610;-0.418520;-0.418520;-0.418520;-0.418520;-0.418520;-0.418520;-0.418520;-0.418520;-0.306440;-0.306440;-0.418520;-0.418520;-0.418520;-0.418520;-0.418520;-0.418520;-0.418520;-0.418520;-0.418520;-0.309480;-0.309480;0.374390;0.374390;1.206400;1.206400;2.075900;2.075900;2.666700;2.666700;3.148500;3.148500;2.232900;2.232900;1.282200;1.282200;0.172260;4.000000
3.280600;2.530300;2.530300;1.822600;1.822600;0.697370;-0.036051;-0.036051;-0.690540;-0.690540;-0.566680;-0.566680;-0.438910;-0.311130;-0.311130;-0.311130;-0.311130;-0.438910;-0.438910;-0.438910;-0.566680;-0.566680;-0.438910;-0.438910;-0.438910;-0.311130;-0.311130;-0.187280;-0.187280;-0.311130;-0.566680;-0.566680;-0.566680;-0.566680;-0.438910;-0.438910;-0.562770;0.271280;0.271280;0.739910;0.739910;0.956850;1.120400;1.120400;1.498300;1.498300;0.570760;0.570760;0.405580;0.585550;0.585550;0.413930;0.413930;-0.083725;-0.092354;-0.092354;-0.475810;-0.475810;-1.062400;-1.062400;3.000000
2.633300;1.878400;1.878400;1.162000;1.162000;0.075382;0.075382;3.708400;3.708400;-0.231070;-0.231070;-0.231070;-0.231070;-0.331970;-0.331970;-0.429160;-0.429160;-0.429160;-0.429160;-0.526360;-0.526360;-0.526360;-0.526360;-0.526360;-0.526360;-0.429160;-0.429160;-0.429160;-0.429160;-0.429160;-0.429160;-0.429160;-0.530060;-0.530060;-0.429160;-0.429160;-0.530060;-0.530060;-0.530060;-0.530060;-0.634490;-0.634490;-0.429160;-0.429160;-0.429160;-0.429160;0.271890;0.271890;0.929030;0.929030;1.580600;1.580600;2.157000;2.157000;2.543400;1.824800;1.824800;0.929620;0.929620;0.501500;4.000000
2.144300;1.324800;1.324800;0.109650;0.109650;-0.329900;-0.329900;-0.329900;-0.329900;-0.586330;-0.586330;-0.586330;-0.586330;-0.408900;-0.408900;-0.586330;-0.586330;-0.499270;-0.499270;-0.318540;-0.318540;-0.318540;-0.318540;-0.499270;-0.499270;-0.318540;-0.318540;-0.318540;-0.318540;-0.499270;-0.499270;-0.499270;-0.499270;-0.408900;-0.408900;-0.592810;-0.592810;-0.592810;-0.592810;-0.502440;-0.502440;-0.276880;-0.276880;0.090781;0.090781;0.622220;0.622220;0.999130;0.999130;1.412700;1.412700;1.476300;1.476300;1.418800;1.418800;0.875840;0.875840;0.710040;0.710040;0.509700;1.000000
1.895400;1.774500;1.774500;1.305900;0.787230;0.787230;0.214170;0.214170;-0.093821;-0.238330;-0.238330;-0.238330;-0.238330;-0.238330;-0.238330;-0.238330;-0.309340;-0.167320;-0.167320;-0.167320;-0.167320;-0.167320;-0.238330;-0.238330;-0.167320;-0.309340;-0.309340;-0.309340;-0.309340;-0.309340;-0.167320;-0.382840;-0.382840;-0.208120;-0.208120;0.288590;0.929350;0.929350;1.575000;2.108000;2.108000;2.216100;2.216100;1.132200;-0.011670;-0.011670;-1.315000;-2.243100;-2.243100;-2.872300;-2.675300;-2.675300;-2.995800;-2.995800;-2.738500;-1.684100;-1.684100;-0.727060;1.360500;1.360500;3.000000
1.300900;0.252560;0.252560;1.017100;1.017100;1.629500;1.629500;2.451800;2.451800;2.377400;2.377400;2.377400;2.377400;2.377400;2.377400;2.377400;2.377400;2.377400;2.377400;2.377400;2.377400;2.377400;2.377400;2.377400;2.377400;2.377400;2.377400;2.377400;2.377400;2.377400;2.377400;2.377400;2.377400;2.377400;2.377400;2.377400;2.377400;2.377400;2.377400;2.377400;2.377400;2.377400;2.377400;-0.007554;-0.007554;0.409550;0.784160;0.784160;1.146600;1.146600;1.220400;1.220400;0.741610;0.741610;0.197820;-0.176790;-0.176790;-0.603630;-0.603630;-0.850010;4.000000
3.354700;2.871800;2.871800;1.895000;1.895000;1.148900;1.148900;-0.038851;-0.733530;-0.733530;-0.323210;-0.323210;-0.052559;-0.458720;-0.458720;-0.183920;-0.183920;-0.183920;-0.183920;-0.594240;-0.864890;-0.864890;-0.323210;-0.323210;-0.594240;-0.594240;-0.594240;-0.458720;-0.458720;-0.319430;-0.319430;-0.594240;-0.458720;-0.458720;-0.458720;-0.458720;0.057317;0.057317;0.901760;1.251600;1.251600;1.654200;1.654200;2.108100;2.108100;1.592000;0.395270;0.395270;0.157990;0.157990;-0.004838;-0.004838;-0.458720;-0.580980;-0.580980;-0.346110;-0.346110;-0.458720;-0.918810;-0.918810;3.000000
2.647300;2.087700;2.087700;1.248700;1.248700;0.640520;-0.015417;-0.015417;-0.418620;-0.418620;-0.321530;-0.224440;-0.224440;-0.130330;-0.130330;-0.224440;-0.224440;-0.224440;-0.418620;-0.418620;-0.418620;-0.612530;-0.612530;-0.418620;-0.418620;-0.418620;-0.418620;-0.321530;-0.321530;-0.321530;-0.221730;-0.221730;-0.421330;-0.321530;-0.321530;-0.321530;-0.321530;-0.321530;-0.321530;-0.321530;-0.221730;-0.221730;-0.224440;0.252070;0.252070;0.824880;0.824880;1.325200;1.768600;1.768600;2.114300;2.114300;1.637800;1.065000;1.065000;0.671380;0.671380;0.227970;-0.427220;-0.427220;2.000000
2.527900;2.380300;2.380300;1.620200;1.620200;1.023500;0.430610;0.430610;-0.018587;-0.018587;-0.186720;-0.026160;-0.026160;-0.186720;-0.186720;-0.347460;-0.347460;-0.347460;-0.430370;-0.430370;-0.508020;-0.430370;-0.430370;-0.350000;-0.350000;-0.350000;-0.267090;-0.267090;-0.267090;-0.267090;-0.267090;-0.267090;-0.267090;-0.267090;-0.267090;-0.267090;-0.085288;-0.085288;0.551350;0.551350;1.405500;1.964300;1.964300;2.365900;2.365900;2.079700;0.859310;0.859310;-0.618090;-0.618090;-1.733500;-2.776600;-2.776600;-3.573100;-3.573100;-3.983600;-4.035000;-4.035000;-3.266700;-3.266700;3.000000
2.864200;2.460500;2.460500;1.897300;1.897300;1.054800;0.331610;0.331610;-0.253340;-0.253340;-0.253340;-0.364320;-0.364320;-0.256350;-0.256350;-0.364320;-0.364320;-0.364320;-0.256350;-0.256350;-0.475300;-0.475300;-0.583270;-0.364320;-0.364320;-0.364320;-0.364320;-0.583270;-0.253340;-0.253340;-0.364320;-0.364320;-0.475300;-0.475300;-0.475300;-0.477930;-0.477930;-0.174650;0.709600;0.709600;1.622000;1.622000;2.504500;2.915000;2.915000;2.236500;2.236500;0.841900;0.841900;-0.822260;-3.182300;-3.182300;-3.944700;-3.944700;-3.265800;-2.593700;-2.593700;-0.818780;-0.818780;1.172200;3.000000
3.008000;2.337100;2.337100;1.566500;1.566500;0.755890;0.755890;0.030231;0.030231;-0.286180;-0.286180;-0.286180;-0.179670;-0.179670;-0.395670;-0.395670;-0.395670;-0.395670;-0.395670;-0.289150;-0.289150;-0.502190;-0.502190;-0.395670;-0.395670;-0.395670;-0.395670;-0.395670;-0.502190;-0.502190;-0.395670;-0.395670;-0.395670;-0.395670;-0.395670;-0.395670;-0.395670;-0.505160;-0.505160;-0.505160;-0.505160;-0.395670;-0.143460;-0.143460;0.486550;0.486550;1.504600;1.504600;2.316000;2.316000;2.741900;2.830800;2.830800;2.086500;2.086500;0.944940;0.944940;-0.101890;-0.754320;-0.754320;4.000000
2.777000;2.023900;2.023900;1.090200;1.090200;0.308330;0.308330;1.477400;1.477400;-0.370170;-0.370170;-0.482240;-0.482240;-0.370170;-0.370170;-0.594310;-0.594310;-0.482240;-0.482240;-0.709930;-0.709930;-0.597860;-0.597860;-0.828770;-0.828770;-0.597860;-0.597860;-0.716700;-0.716700;-0.601080;-0.601080;-0.482240;-0.482240;-0.363400;-0.363400;-0.601080;-0.601080;-0.363400;-0.363400;-0.363400;-0.363400;-0.601080;-0.601080;-0.324910;-0.324910;0.319640;0.319640;0.390390;0.390390;0.875350;0.875350;1.662700;1.662700;1.562200;1.562200;1.283100;1.283100;1.535500;1.535500;1.176400;1.000000
2.768200;2.490000;2.490000;1.707600;1.707600;0.698280;-0.138920;-0.138920;-0.626440;-0.626440;-0.626440;-0.530570;-0.530570;-0.328980;-0.127390;-0.127390;-0.031529;-0.031529;-0.127390;-0.127390;-0.127390;-0.229760;-0.229760;-0.428210;-0.626440;-0.626440;-0.530570;-0.530570;-0.530570;-0.530570;-0.530570;-0.431350;-0.431350;-0.328980;-0.328980;-0.328980;-0.226620;-0.226620;-0.328980;-0.328980;-0.328980;-0.328980;-0.127390;-0.127390;0.173410;0.173410;0.879690;1.407200;1.407200;1.984600;1.984600;2.252500;1.849300;1.849300;1.245400;1.245400;0.717860;0.027913;0.027913;-0.552940;2.000000
1.915700;1.611000;1.611000;1.123300;1.123300;0.511570;0.012287;0.012287;-0.501220;-0.501220;-0.501220;-0.332250;-0.332250;-0.162930;-0.247590;-0.247590;-0.077014;-0.077014;-0.077014;-0.162930;-0.162930;-0.247590;-0.247590;-0.162930;-0.247590;-0.247590;-0.247590;-0.247590;-0.247590;-0.332250;-0.332250;-0.247590;-0.332250;-0.332250;-0.418160;-0.418160;-0.418160;-0.162930;-0.162930;0.162610;0.162610;1.291000;2.195700;2.195700;2.819400;2.819400;2.995200;2.248100;2.248100;0.695670;-0.504800;-0.504800;-1.773200;-1.773200;-2.730500;-3.153500;-3.153500;-3.416900;-3.416900;-4.251800;3.000000
2.552900;2.145000;2.145000;1.566900;1.566900;0.827450;0.108530;0.108530;-0.273920;-0.273920;-0.273920;-0.429650;-0.429650;-0.429650;-0.273920;-0.273920;-0.353240;-0.435340;-0.435340;-0.273920;-0.273920;-0.356020;-0.520040;-0.520040;-0.440720;-0.358620;-0.358620;-0.527780;-0.527780;-0.358620;-0.360980;-0.360980;-0.273920;-0.273920;-0.273920;-0.001151;-0.001151;0.464580;1.521700;1.521700;2.122400;2.122400;2.629900;2.395500;2.395500;1.383900;-0.221700;-0.221700;-1.459100;-1.459100;-2.377200;-2.891600;-2.891600;-2.889000;-3.101900;-3.101900;-3.600600;-3.600600;-3.384800;-2.103600;3.000000
2.603800;2.603800;2.229400;2.229400;1.517700;1.517700;0.889420;0.889420;0.131090;0.131090;-0.347110;-0.347110;-0.347110;-0.347110;-0.232990;-0.232990;-0.464410;-0.464410;-0.464410;-0.464410;-0.464410;-0.464410;-0.581710;-0.581710;-0.581710;-0.815920;-0.815920;-0.701800;-0.701800;-0.581710;-0.581710;-0.581710;-0.581710;-0.347110;-0.347110;-0.227020;-0.227020;-0.112900;-0.112900;-0.347110;-0.347110;-0.347110;-0.347110;-0.029844;-0.029844;0.588420;0.588420;0.588420;1.208300;1.208300;2.042400;2.042400;2.638200;2.638200;2.455800;2.455800;1.711500;1.711500;0.725960;0.725960;4.000000
2.592600;1.615200;1.615200;0.751760;0.751760;-0.430400;-0.430400;3.029400;3.029400;-0.514200;-0.514200;-0.615290;-0.615290;-0.615290;-0.615290;-0.621210;-0.621210;-0.621210;-0.621210;-0.517300;-0.517300;-0.315100;-0.315100;-0.217110;-0.217110;-0.113190;-0.113190;-0.113190;-0.113190;-0.217110;-0.217110;-0.416200;-0.416200;-0.615290;-0.615290;-0.615290;-0.615290;-0.615290;-0.615290;-0.719210;-0.719210;-0.621210;-0.621210;-0.520110;-0.520110;-0.315100;-0.315100;0.065920;0.065920;0.561580;0.561580;0.940870;0.940870;1.464800;1.464800;1.590300;1.590300;1.520600;1.520600;1.347400;1.000000
2.589100;2.490300;2.490300;1.715600;1.715600;0.901660;0.901660;-0.039587;-0.039587;-0.106560;-0.106560;-0.449420;-0.449420;-0.449420;-0.449420;-0.449420;-0.449420;-0.563810;-0.563810;-0.674690;-0.674690;-0.563810;-0.563810;-0.449420;-0.449420;-0.449420;-0.449420;-0.335020;-0.335020;-0.449420;-0.449420;-0.335020;-0.335020;-0.563810;-0.563810;-0.563810;-0.563810;-0.563810;-0.563810;-0.449420;-0.449420;-0.563810;-0.563810;-0.178560;-0.178560;0.498010;0.498010;1.217900;1.217900;1.928700;1.928700;2.521700;2.521700;2.389800;2.389800;1.462900;1.462900;0.620310;0.620310;-0.210820;4.000000
1.983500;1.636400;1.636400;0.978720;0.978720;0.380730;0.380730;-0.369070;-0.369070;-0.407440;-0.407440;-0.407440;-0.227180;-0.227180;-0.227180;-0.227180;-0.134540;-0.134540;-0.317310;-0.317310;-0.227180;-0.407440;-0.407440;-0.317310;-0.317310;-0.317310;-0.317310;-0.227180;-0.227180;-0.407440;-0.227180;-0.227180;-0.407440;-0.407440;-0.407440;-0.407440;-0.317310;-0.317310;-0.317310;-0.500080;-0.500080;-0.409950;-0.409950;-0.317310;-0.317310;-0.111670;-0.111670;0.587530;1.153300;1.153300;1.684000;1.684000;2.133100;2.133100;1.936900;1.936900;1.327800;1.327800;0.854700;0.324000;2.000000
2.454600;2.308200;2.308200;1.641600;1.641600;0.828270;0.195810;0.195810;-0.449770;-0.449770;-0.449770;-0.244450;-0.244450;-0.244450;-0.145260;-0.145260;-0.244450;-0.244450;-0.145260;-0.247930;-0.247930;-0.347110;-0.347110;-0.548960;-0.449770;-0.449770;-0.654870;-0.654870;-0.654870;-0.555690;-0.555690;-0.347110;-0.347110;-0.347110;-0.241200;-0.241200;-0.347110;-0.347110;-0.347110;-0.453020;-0.453020;-0.453020;-0.453020;-0.453020;0.056195;0.056195;0.716170;1.311200;1.311200;1.979400;1.979400;2.415900;2.246100;2.246100;1.469100;1.469100;0.874070;0.089436;0.089436;-0.230680;2.000000
2.371500;1.981600;1.981600;1.546100;1.546100;0.802870;0.044990;0.044990;-0.256310;-0.330050;-0.330050;-0.401090;-0.401090;-0.256310;-0.256310;-0.256310;-0.182560;-0.182560;-0.256310;-0.332640;-0.332640;-0.485130;-0.411380;-0.411380;-0.566070;-0.566070;-0.411380;-0.335050;-0.335050;-0.256310;-0.256310;-0.177560;-0.096617;-0.096617;-0.069851;0.378010;0.378010;1.111500;1.111500;1.662100;2.085600;2.085600;2.233300;2.233300;1.235000;-0.114320;-0.114320;-1.323600;-2.063900;-2.063900;-2.907300;-2.907300;-2.528200;-2.504500;-2.504500;-2.844900;-2.844900;-3.744900;-3.097900;-3.097900;3.000000
2.800800;2.071000;2.071000;1.547400;0.588090;0.588090;-0.280700;-0.280700;-0.532120;-0.431530;-0.431530;-0.638780;-0.538190;-0.538190;-0.434430;-0.434430;-0.434430;-0.327770;-0.327770;-0.221110;-0.221110;-0.221110;-0.117340;-0.117340;-0.117340;-0.434430;-0.434430;-0.327770;-0.327770;-0.327770;-0.538190;-0.538190;-0.538190;-0.117340;-0.117340;-0.327770;-0.327770;-0.327770;-0.221110;-0.221110;-0.221110;-0.431530;-0.431530;-0.082067;0.531680;0.531680;1.416800;1.416800;2.207300;2.848800;2.848800;2.924600;2.310900;2.310900;1.092300;0.301800;0.301800;-0.453800;-0.453800;-0.775310;4.000000
2.536100;1.983400;1.983400;1.015900;1.015900;0.118720;0.118720;2.627700;2.627700;-0.444390;-0.444390;-0.444390;-0.358120;-0.358120;-0.358120;-0.358120;-0.358120;-0.358120;-0.447680;-0.447680;-0.447680;-0.358120;-0.358120;-0.358120;-0.358120;-0.447680;-0.268550;-0.268550;-0.358120;-0.358120;-0.447680;-0.447680;-0.447680;-0.447680;-0.358120;-0.447680;-0.447680;-0.358120;-0.358120;-0.268550;-0.268550;0.175360;0.175360;0.950940;1.641200;1.641200;2.270500;2.270500;2.686100;2.686100;2.242200;2.242200;1.267700;0.577480;0.577480;-0.154430;-0.154430;-0.763740;-0.763740;-0.974530;4.000000
2.794000;2.794000;2.178200;2.178200;1.240900;1.240900;0.170290;0.170290;1.605500;1.605500;-0.660910;-0.660910;-0.747920;-0.747920;-0.652740;-0.652740;-0.565730;-0.565730;-0.474660;-0.474660;-0.379480;-0.379480;-0.474660;-0.474660;-0.569840;-0.569840;-0.474660;-0.474660;-0.569840;-0.569840;-0.474660;-0.474660;-0.379480;-0.379480;-0.379480;-0.379480;-0.569840;-0.569840;-0.379480;-0.379480;0.058551;0.058551;0.720330;0.720330;1.549900;1.549900;2.363600;2.363600;2.755800;2.755800;2.102000;2.102000;1.317400;1.317400;0.110680;0.110680;-0.984980;-0.984980;-1.347600;-1.347600;4.000000
2.169700;1.735600;1.735600;1.260300;0.531480;0.531480;0.100640;-0.150840;-0.150840;-0.150840;-0.150840;-0.150840;-0.068833;-0.068833;-0.230950;-0.311050;-0.311050;-0.230950;-0.230950;-0.230950;-0.153010;-0.150840;-0.150840;-0.150840;-0.230950;-0.230950;-0.230950;-0.388980;-0.388980;-0.230950;-0.153010;-0.153010;-0.230950;-0.230950;-0.311050;-0.150840;-0.150840;0.111160;0.633040;0.633040;1.710900;2.355100;2.355100;2.660800;2.212100;2.212100;1.372200;-0.139630;-0.139630;-1.229800;-1.986800;-1.986800;-3.940600;-3.940600;-4.173100;-3.875500;-3.875500;-2.617200;-1.640700;-1.640700;3.000000
3.695800;3.214600;3.214600;2.435000;2.435000;1.652500;0.632650;0.632650;-0.287960;-0.167460;-0.167460;-0.292190;-0.292190;-0.533190;-0.533190;-0.533190;-0.292190;-0.412690;-0.412690;-0.533190;-0.533190;-0.292190;-0.292190;-0.292190;-0.412690;-0.412690;-0.533190;-0.292190;-0.292190;-0.412690;-0.533190;-0.533190;-0.657920;-0.657920;-0.537420;-0.533190;-0.533190;-0.026416;0.424580;0.424580;0.766100;0.766100;1.041800;1.093300;1.093300;0.313960;0.313960;0.145510;0.182440;0.182440;0.106800;0.037480;0.037480;0.310060;0.310060;0.041104;-0.314940;-0.314940;-0.612750;-0.812940;3.000000
0.972120;0.454090;0.454090;-0.325160;-0.325160;2.328700;2.434700;2.434700;2.418500;2.418500;2.418500;2.418500;2.418500;2.418500;2.418500;2.418500;2.418500;2.418500;2.418500;2.418500;2.418500;2.418500;2.418500;2.418500;2.418500;2.418500;2.418500;2.418500;2.418500;2.418500;2.418500;2.418500;2.418500;2.418500;2.418500;2.418500;2.418500;2.418500;2.418500;2.418500;2.418500;2.418500;2.418500;2.418500;0.252750;0.252750;0.551620;0.751260;0.751260;0.804480;0.538410;0.538410;0.236900;0.236900;-0.008745;-0.318820;-0.318820;-0.601770;-0.601770;-0.658130;2.000000
0.388810;0.070083;0.070083;0.070083;0.070083;-0.384430;-0.384430;-0.031894;-0.031894;2.533600;2.533600;2.533600;2.533600;2.533600;2.533600;2.533600;2.533600;2.533600;2.533600;2.533600;2.533600;2.533600;2.533600;2.533600;2.533600;2.533600;2.533600;2.533600;2.533600;2.533600;2.533600;2.533600;2.533600;2.533600;2.533600;2.533600;2.533600;2.533600;2.533600;2.533600;2.533600;2.533600;2.533600;0.098139;0.098139;0.434780;0.434780;0.746100;0.746100;0.887170;0.887170;0.708130;0.395630;0.395630;0.177790;0.177790;-0.195070;-0.195070;-0.570970;-0.570970;2.000000
1.116400;0.767230;0.767230;0.319520;0.319520;-0.244510;-0.244510;-0.564680;-0.564680;2.541700;2.541700;2.541700;2.541700;2.541700;2.541700;2.541700;2.541700;2.541700;2.541700;2.541700;2.541700;2.541700;2.541700;2.541700;2.541700;2.541700;2.541700;2.541700;2.541700;2.541700;2.541700;2.541700;2.541700;2.541700;2.541700;2.541700;2.541700;2.541700;2.541700;2.541700;2.541700;2.541700;2.541700;2.541700;2.541700;2.541700;2.541700;2.541700;0.507310;0.738420;0.738420;0.491510;0.491510;0.256570;0.256570;-0.168760;-0.168760;-0.487300;-0.487300;-0.920170;4.000000
2.680800;2.200800;2.200800;1.527900;1.527900;0.835370;0.835370;0.353920;0.353920;-0.280920;-0.280920;-0.280920;-0.280920;-0.280920;-0.280920;-0.280920;-0.280920;-0.284630;-0.284630;-0.284630;-0.284630;-0.284630;-0.284630;-0.284630;-0.284630;-0.375450;-0.375450;-0.466280;-0.466280;-0.466280;-0.466280;-0.466280;-0.466280;-0.466280;-0.375450;-0.375450;-0.469980;-0.469980;-0.568110;-0.568110;-0.669680;-0.669680;-0.568110;-0.568110;-0.054188;-0.054188;0.657320;0.657320;1.551400;1.551400;2.241300;2.241300;2.727800;2.727800;2.213900;1.482800;1.482800;0.455910;0.455910;-0.132430;4.000000
3.062300;2.386400;2.386400;1.339800;0.433950;0.433950;-0.387060;-0.387060;-0.417350;-0.417350;-0.417350;-0.319280;-0.420450;-0.420450;-0.218120;-0.218120;-0.420450;-0.420450;-0.420450;-0.420450;-0.218120;-0.218120;-0.420450;-0.420450;-0.319280;-0.319280;-0.319280;-0.319280;-0.524430;-0.524430;-0.423270;-0.319280;-0.319280;-0.218120;-0.218120;-0.218120;-0.016070;-0.016070;-0.016070;-0.218120;-0.218120;-0.319280;-0.319280;-0.082805;0.245050;0.245050;0.853770;1.457700;1.457700;1.866100;1.982300;1.982300;1.556400;1.556400;0.947690;0.664770;0.664770;0.256420;-0.208070;-0.208070;2.000000
2.150700;1.941400;1.941400;1.303400;0.720660;0.720660;0.263060;-0.135540;-0.135540;-0.288310;-0.135540;-0.135540;-0.135540;-0.288310;-0.211920;-0.211920;-0.135540;-0.366820;-0.366820;-0.288310;-0.211920;-0.211920;-0.366820;-0.366820;-0.366820;-0.057024;-0.290440;-0.290440;0.002221;0.080735;0.080735;0.080735;-0.237140;-0.168060;-0.168060;-0.834030;-0.720590;-0.720590;-0.197730;1.041400;1.041400;2.104300;2.900700;2.900700;2.812500;1.972400;1.972400;0.365720;-1.197900;-2.019700;-2.019700;-2.331300;-2.298500;-2.298500;-1.926600;-1.831500;-1.831500;-3.341800;-3.362200;-3.362200;3.000000
2.769000;1.443900;1.443900;-0.013066;1.379200;1.379200;2.584700;2.584700;-0.381860;-0.305370;-0.305370;-0.305370;-0.381860;-0.381860;-0.305370;-0.305370;-0.384540;-0.305370;-0.305370;-0.384540;-0.384540;-0.384540;-0.384540;-0.384540;-0.305370;-0.384540;-0.384540;-0.305370;-0.305370;-0.305370;-0.305370;-0.305370;-0.226200;-0.305370;-0.305370;-0.305370;-0.387040;-0.387040;-0.387040;-0.387040;-0.550150;-0.387040;-0.387040;-0.076037;0.448100;0.448100;0.862470;0.862470;1.333900;1.648800;1.648800;1.514300;1.071800;1.071800;0.747240;0.450010;0.450010;-0.128860;-0.128860;-0.305370;2.000000
2.770300;2.062800;2.062800;1.166500;1.166500;0.005267;0.005267;0.385480;0.385480;-0.538560;-0.538560;-0.426170;-0.426170;-0.426170;-0.426170;-0.204430;-0.204430;-0.098433;-0.098433;-0.098433;-0.098433;-0.316820;-0.316820;-0.210830;-0.210830;-0.426170;-0.426170;-0.641510;-0.641510;-0.641510;-0.641510;-0.426170;-0.426170;-0.641510;-0.535520;-0.535520;-0.426170;-0.426170;-0.426170;-0.426170;-0.647910;-0.647910;-0.426170;-0.426170;0.108100;0.108100;0.768290;0.768290;1.482700;1.482700;2.251200;2.251200;2.667600;2.667600;2.133300;2.133300;1.473100;1.473100;0.637850;0.637850;4.000000
2.780100;2.442600;2.442600;1.528100;1.528100;0.764710;0.100430;0.100430;-0.579580;-0.579580;-0.473450;-0.254470;-0.254470;-0.254470;-0.254470;-0.254470;-0.254470;-0.254470;-0.254470;-0.473450;-0.473450;-0.473450;-0.473450;-0.363960;-0.473450;-0.473450;-0.473450;-0.473450;-0.254470;-0.254470;-0.254470;-0.363960;-0.254470;-0.254470;-0.254470;-0.254470;-0.473450;-0.473450;-0.473450;-0.473450;-0.473450;-0.363960;-0.056513;-0.056513;0.646160;0.646160;1.310000;1.788000;1.788000;2.121900;2.075500;2.075500;1.482300;1.482300;0.818470;0.460870;0.460870;0.138460;0.138460;-0.243590;2.000000
2.949400;2.479600;2.479600;1.574100;1.574100;0.610510;0.610510;-0.034295;-0.034295;-0.395810;-0.395810;-0.395810;-0.395810;-0.496590;-0.496590;-0.496590;-0.496590;-0.395810;-0.395810;-0.395810;-0.395810;-0.496590;-0.496590;-0.395810;-0.395810;-0.395810;-0.395810;-0.496590;-0.496590;-0.496590;-0.295030;-0.295030;-0.197950;-0.197950;-0.197950;-0.197950;-0.295030;-0.295030;-0.395810;-0.395810;-0.496590;-0.496590;-0.233800;-0.233800;-0.132460;-0.132460;0.384960;0.384960;0.974090;0.974090;1.384100;1.384100;1.024200;1.024200;1.392700;1.201000;1.201000;0.829790;0.829790;0.302640;1.000000
2.816900;2.098200;2.098200;1.029800;1.029800;-0.023857;-0.023857;3.129500;3.129500;-0.194710;-0.194710;-0.304360;-0.304360;-0.304360;-0.304360;-0.200160;-0.200160;-0.411450;-0.411450;-0.411450;-0.411450;-0.411450;-0.411450;-0.411450;-0.411450;-0.515650;-0.515650;-0.411450;-0.411450;-0.518550;-0.518550;-0.411450;-0.411450;-0.411450;-0.411450;-0.628200;-0.628200;-0.628200;-0.628200;-0.411450;-0.411450;-0.628200;-0.628200;-0.518550;-0.518550;0.255650;0.255650;0.851350;0.851350;1.398300;1.398300;2.128900;2.128900;2.528500;2.528500;1.856500;1.856500;1.035600;1.035600;0.269330;4.000000
2.474100;2.172100;2.172100;1.596200;0.911580;0.911580;0.232750;-0.314580;-0.314580;-0.386930;-0.386930;-0.386930;-0.386930;-0.386930;-0.239470;-0.164360;-0.164360;-0.239470;-0.239470;-0.239470;-0.317210;-0.472510;-0.472510;-0.472510;-0.317210;-0.317210;-0.479840;-0.479840;-0.402100;-0.239470;-0.239470;-0.239470;-0.402100;-0.402100;-0.076839;0.234810;0.234810;0.813350;1.655200;1.655200;2.319700;2.491900;2.491900;2.072200;2.072200;0.769030;-0.687400;-0.687400;-1.774500;-2.477800;-2.477800;-2.979400;-2.610000;-2.610000;-2.903300;-3.598400;-3.598400;-3.653400;-2.515200;-2.515200;3.000000
3.392100;2.789000;2.789000;1.952000;1.952000;0.872790;0.224610;0.224610;-0.267620;-0.267620;-0.267620;-0.267620;-0.267620;-0.267620;-0.507250;-0.507250;-0.507250;-0.630850;-0.630850;-0.507250;-0.507250;-0.757900;-0.511040;-0.511040;-0.638090;-0.514480;-0.514480;-0.768150;-0.768150;-0.260390;-0.514480;-0.514480;-0.260390;-0.260390;-0.260390;-0.130320;-0.130320;-0.387430;-0.136780;-0.136780;-0.028259;0.355700;0.355700;0.551720;0.551720;0.962760;0.751010;0.751010;0.691730;0.607500;0.607500;0.839560;0.839560;0.557140;1.308000;1.308000;1.534700;1.235000;1.235000;1.080100;3.000000
2.601100;2.431300;2.431300;1.921500;1.921500;0.976890;-0.024094;-0.024094;-0.668000;-0.668000;-0.557310;-0.557310;-0.557310;-0.668000;-0.345240;-0.345240;-0.234560;-0.234560;-0.345240;-0.345240;-0.345240;-0.345240;-0.345240;-0.345240;-0.345240;-0.345240;-0.455930;-0.455930;-0.455930;-0.126870;-0.126870;-0.345240;-0.345240;-0.345240;-0.234560;-0.234560;-0.126870;-0.452930;-0.452930;-0.237560;-0.237560;-0.237560;0.226940;0.226940;0.628160;0.628160;1.534600;2.043400;2.043400;2.474800;2.010300;2.010300;1.501400;1.501400;0.702590;-0.032269;-0.032269;-0.345240;-0.345240;-0.226270;2.000000
3.019700;2.167900;2.167900;1.063900;1.063900;-0.075815;-0.075815;-0.740990;-0.740990;-0.637910;-0.637910;-0.648250;-0.648250;-0.648250;-0.648250;-0.563340;-0.563340;-0.383220;-0.383220;-0.294840;-0.294840;-0.203100;-0.203100;-0.203100;-0.203100;-0.203100;-0.203100;-0.294840;-0.294840;-0.471590;-0.471590;-0.383220;-0.383220;-0.471590;-0.471590;-0.471590;-0.563340;-0.563340;-0.383220;-0.383220;-0.199290;-0.199290;0.193190;0.193190;0.546400;0.546400;0.975050;0.975050;1.279300;1.279300;1.200000;1.200000;1.204700;1.204700;0.851490;0.851490;0.621220;0.621220;0.225180;0.225180;1.000000
1.825700;0.569450;0.569450;-0.480760;-0.480760;2.603900;2.603900;2.473300;2.473300;-0.407900;-0.407900;-0.332260;-0.332260;-0.256630;-0.256630;-0.407900;-0.256630;-0.256630;-0.256630;-0.256630;-0.256630;-0.256630;-0.332260;-0.332260;-0.256630;-0.256630;-0.332260;-0.332260;-0.332260;-0.332260;-0.259400;-0.332260;-0.332260;-0.332260;-0.332260;-0.407900;-0.407900;-0.486180;-0.486180;-0.480760;-0.480760;-0.375720;-0.375720;-0.107760;-0.107760;0.329330;0.705930;0.705930;1.046700;1.046700;1.323900;1.323900;1.404300;1.404300;0.954050;0.954050;0.744530;0.744530;0.236700;0.236700;1.000000
2.662000;2.662000;1.771900;1.771900;1.051800;1.051800;0.073229;0.073229;-0.502510;-0.502510;-0.434160;-0.434160;-0.329300;-0.329300;-0.434160;-0.434160;-0.539030;-0.539030;-0.434160;-0.434160;-0.434160;-0.434160;-0.434160;-0.434160;-0.434160;-0.434160;-0.227280;-0.227280;-0.227280;-0.539030;-0.539030;-0.434160;-0.434160;-0.434160;-0.434160;-0.434160;-0.434160;-0.748400;-0.748400;-0.434160;-0.434160;-0.646380;-0.646380;-0.755820;-0.755820;-0.401620;-0.401620;0.118560;0.118560;0.464980;0.464980;0.970250;0.970250;0.970250;1.589900;1.589900;1.520600;1.520600;1.666400;1.666400;1.000000
2.225400;1.823300;1.823300;0.725910;0.725910;-0.488540;-0.488540;3.112900;3.112900;3.112900;3.112900;3.112900;3.112900;3.112900;3.112900;3.112900;3.112900;3.112900;-0.431620;-0.431620;-0.431620;-0.431620;-0.431620;-0.256080;-0.256080;-0.081167;-0.081167;-0.260490;-0.260490;-0.178690;-0.178690;-0.178690;-0.178690;-0.265430;-0.265430;-0.431620;-0.516000;-0.516000;-0.597800;-0.597800;-0.233060;-0.233060;0.324010;0.324010;1.056700;1.056700;1.647700;2.049200;2.049200;1.591200;1.591200;0.940890;0.940890;0.197230;0.197230;-0.309420;-0.309420;-0.802710;-0.617620;-0.617620;2.000000
3.389400;2.825200;2.825200;1.829900;1.829900;0.682830;-0.154350;-0.154350;-0.727030;-0.727030;-0.531210;-0.531210;-0.531210;-0.434800;-0.434800;-0.235220;-0.132270;-0.132270;-0.235220;-0.235220;-0.335010;-0.335010;-0.335010;-0.537740;-0.537740;-0.434800;-0.537740;-0.537740;-0.437950;-0.437950;-0.335010;-0.132270;-0.132270;-0.235220;-0.235220;-0.132270;-0.132270;-0.132270;-0.335010;-0.335010;-0.434800;-0.434800;-0.434800;0.009263;0.009263;0.586790;1.308100;1.308100;1.857800;1.857800;2.135700;1.803700;1.803700;1.114100;1.114100;0.492560;-0.167560;-0.167560;-0.335010;-0.335010;2.000000
1.672700;1.394100;1.394100;1.004000;1.004000;0.450440;-0.164990;-0.164990;-0.442570;-0.373150;-0.373150;-0.511990;-0.511990;-0.511990;-0.442570;-0.442570;-0.442570;-0.442570;-0.583350;-0.513930;-0.513930;-0.442570;-0.442570;-0.442570;-0.442570;-0.442570;-0.371210;-0.371210;-0.371210;-0.513930;-0.513930;-0.513930;-0.513930;-0.513930;-0.442570;-0.442570;-0.103370;0.526330;0.526330;0.795910;0.917670;0.917670;1.203000;1.203000;0.978890;0.288340;0.288340;0.201450;0.201450;1.741600;2.838500;2.838500;3.632000;3.632000;4.229600;4.229600;4.229600;4.229600;4.356500;4.356500;3.000000
3.022200;2.514800;2.514800;1.929300;1.929300;0.987770;0.039002;0.039002;-0.432440;-0.432440;-0.432440;-0.618760;-0.618760;-0.432440;-0.339230;-0.339230;-0.435990;-0.435990;-0.435990;-0.339230;-0.339230;-0.536140;-0.536140;-0.536140;-0.439380;-0.439380;-0.439380;-0.439380;-0.439380;-0.339230;-0.339230;-0.442550;-0.442550;-0.442550;-0.442550;-0.442550;-0.442550;-0.442550;-0.442550;-0.339230;-0.235910;-0.235910;-0.235910;-0.235910;0.153500;0.704820;0.704820;1.207800;1.633200;1.633200;2.029600;2.029600;1.977100;1.425800;1.425800;1.037000;1.037000;0.394090;-0.002339;-0.002339;2.000000
2.249200;2.052400;2.052400;1.415500;1.415500;0.796050;0.304580;0.304580;-0.197990;-0.200570;-0.200570;-0.105230;-0.105230;-0.105230;-0.293340;-0.293340;-0.293340;-0.481450;-0.481450;-0.481450;-0.481450;-0.386100;-0.388680;-0.388680;-0.388680;-0.388680;-0.293340;-0.197990;-0.197990;-0.486300;-0.197990;-0.197990;-0.197990;-0.197990;-0.197990;-0.388680;-0.388680;0.352860;0.817580;0.817580;1.760300;1.760300;2.451700;2.929100;2.929100;2.380500;2.380500;1.220300;-0.553030;-0.553030;-1.935900;-2.564600;-2.564600;-2.927500;-2.927500;-2.669700;-1.644900;-1.644900;-1.738600;-2.577700;3.000000
2.557500;2.557500;1.987000;1.987000;1.177900;1.177900;0.631460;0.631460;-0.356410;-0.356410;-0.430250;-0.430250;-0.430250;-0.430250;-0.333280;-0.333280;-0.620640;-0.620640;-0.527220;-0.527220;-0.430250;-0.430250;-0.430250;-0.430250;-0.430250;-0.430250;-0.333280;-0.333280;-0.333280;-0.333280;-0.527220;-0.527220;-0.627590;-0.627590;-0.627590;-0.627590;-0.731140;-0.731140;-0.837570;-0.837570;-0.634160;-0.634160;-0.188210;-0.188210;0.206320;0.206320;0.700830;0.700830;1.259300;1.259300;1.531000;1.531000;1.486300;1.486300;1.307200;1.307200;1.140000;1.140000;0.801830;0.801830;1.000000
2.470000;1.662700;1.662700;0.645010;0.645010;-0.514160;-0.514160;2.615600;2.615600;-0.450090;-0.450090;-0.450090;-0.450090;-0.450090;-0.351790;-0.351790;-0.351790;-0.351790;-0.351790;-0.351790;-0.351790;-0.351790;-0.351790;-0.351790;-0.351790;-0.351790;-0.253490;-0.253490;-0.253490;-0.253490;-0.253490;-0.253490;-0.253490;-0.253490;-0.253490;-0.450090;-0.450090;-0.450090;-0.450090;-0.450090;-0.450090;-0.450090;-0.351790;-0.351790;0.159860;0.159860;0.791180;0.791180;1.528800;1.528800;2.103000;2.459600;2.459600;2.255500;2.255500;1.415000;1.415000;0.571660;-0.002508;-0.002508;4.000000
2.783500;2.254300;2.254300;1.260500;1.260500;0.621890;0.621890;-0.270570;-0.270570;-0.518390;-0.518390;-0.518390;-0.518390;-0.310790;-0.310790;-0.518390;-0.310790;-0.310790;-0.414590;-0.414590;-0.414590;-0.414590;-0.625830;-0.625830;-0.414590;-0.414590;-0.625830;-0.625830;-0.522030;-0.632870;-0.632870;-0.414590;-0.414590;-0.746790;-0.746790;-0.525430;-0.525430;-0.525430;-0.525430;-0.303760;-0.303760;-0.525430;-0.525430;0.227900;0.902640;0.902640;1.788600;1.788600;2.466400;2.466400;3.205100;3.205100;3.017900;3.017900;1.887900;1.887900;0.883040;-0.026270;-0.026270;-0.775980;4.000000
2.361100;1.158700;1.158700;0.213500;0.213500;3.096300;3.096300;3.051700;3.051700;-0.718170;-0.718170;-0.427560;-0.427560;-0.624510;-0.624510;-0.624510;-0.624510;-0.727310;-0.727310;-0.427560;-0.427560;-0.527570;-0.527570;-0.427560;-0.427560;-0.530350;-0.530350;-0.532800;-0.532800;-0.530350;-0.530350;-0.530350;-0.530350;-0.635590;-0.635590;-0.532800;-0.532800;-0.322320;-0.322320;-0.640080;-0.640080;-0.640080;-0.640080;-0.322320;-0.322320;-0.043832;-0.043832;0.206650;0.206650;0.980230;0.980230;1.357800;1.357800;1.623400;1.623400;1.481700;1.481700;1.541300;1.541300;0.872940;1.000000
2.404000;1.948100;1.948100;1.573500;1.573500;0.919890;0.919890;0.266270;0.266270;-0.452820;-0.452820;-0.552380;-0.552380;-0.647820;-0.647820;-0.751440;-0.751440;-0.751440;-0.751440;-0.452820;-0.452820;-0.556440;-0.556440;-0.556440;-0.556440;-0.452820;-0.452820;-0.452820;-0.452820;-0.556440;-0.556440;-0.452820;-0.452820;-0.452820;-0.452820;-0.452820;-0.452820;-0.452820;-0.452820;-0.452820;-0.452820;-0.296290;-0.296290;0.366520;0.366520;1.496500;1.496500;2.463000;2.463000;3.240000;3.240000;3.583800;3.583800;2.821400;2.821400;1.480200;1.480200;0.287500;0.287500;-0.728370;4.000000
2.901300;2.460600;2.460600;1.649800;1.649800;0.587590;0.057670;0.057670;-0.642490;-0.642490;-0.651770;-0.651770;-0.347120;-0.347120;-0.347120;-0.448760;-0.448760;-0.347120;-0.242640;-0.242640;-0.553240;-0.553240;-0.347120;-0.347120;-0.347120;-0.347120;-0.347120;-0.347120;-0.347120;-0.242640;-0.347120;-0.347120;-0.451600;-0.451600;-0.451600;-0.451600;-0.451600;-0.451600;-0.451600;-0.347120;-0.347120;-0.347120;-0.347120;-0.347120;-0.001965;-0.001965;0.524550;1.054800;1.054800;1.755200;1.755200;2.189500;2.288000;2.288000;1.761500;1.761500;1.014500;1.014500;0.530930;0.208910;2.000000
2.602500;1.998700;1.998700;1.511400;1.511400;0.422250;0.422250;-0.293760;-0.293760;-0.441020;-0.441020;-0.441020;-0.441020;-0.664720;-0.664720;-0.441020;-0.441020;-0.554410;-0.554410;-0.441020;-0.441020;-0.441020;-0.441020;-0.327640;-0.327640;-0.554410;-0.554410;-0.327640;-0.327640;-0.554410;-0.554410;-0.554410;-0.554410;-0.670480;-0.557100;-0.557100;-0.670480;-0.670480;-0.557100;-0.557100;-0.441020;-0.441020;0.327400;0.327400;1.214600;1.214600;1.981100;1.981100;2.774000;2.774000;3.156500;3.156500;2.504200;2.504200;1.375700;1.375700;0.609090;0.609090;-0.305640;-0.305640;4.000000
3.510700;1.400900;1.400900;-0.329640;-0.329640;-0.591070;-0.591070;-0.591070;-0.396360;-0.278490;-0.278490;-0.278490;-0.278490;-0.163800;-0.163800;-0.163800;-0.514240;-0.396360;-0.396360;-0.396360;-0.396360;-0.511050;-0.628920;-0.628920;-0.163800;-0.396360;-0.396360;-0.396360;-0.396360;-0.514240;-0.278490;-0.278490;-0.628920;-0.514240;-0.514240;-0.514240;-0.514240;-0.396360;-0.514240;-0.514240;-0.278490;-0.278490;-0.278490;-0.052637;-0.052637;0.509850;1.169000;1.169000;1.548800;1.548800;2.072500;2.369700;2.369700;1.682400;1.148100;1.148100;0.776460;0.776460;0.252700;-0.270290;2.000000
0.932720;0.188270;0.188270;1.515400;1.515400;1.513700;1.466100;1.466100;2.426600;2.426600;2.426600;2.426600;2.426600;2.426600;2.426600;2.426600;2.426600;2.426600;2.426600;2.426600;2.426600;2.426600;2.426600;2.426600;2.426600;2.426600;2.426600;2.426600;2.426600;2.426600;2.426600;2.426600;2.426600;2.426600;2.426600;2.426600;2.426600;2.426600;2.426600;2.426600;2.426600;2.426600;2.426600;2.426600;0.051067;0.051067;0.345030;0.671450;0.671450;0.888820;0.888820;0.707740;0.449150;0.449150;0.217060;0.217060;0.010060;-0.326730;-0.326730;-0.449550;2.000000
2.580600;2.580600;1.930500;1.930500;1.449800;1.449800;0.463550;0.463550;-0.146230;-0.146230;-0.595020;-0.595020;-0.501940;-0.501940;-0.405600;-0.405600;-0.504990;-0.504990;-0.504990;-0.504990;-0.504990;-0.504990;-0.504990;-0.504990;-0.601330;-0.601330;-0.306210;-0.306210;-0.306210;-0.306210;-0.405600;-0.405600;-0.306210;-0.306210;-0.306210;-0.306210;-0.405600;-0.405600;-0.309260;-0.309260;-0.209870;-0.209870;-0.031014;-0.031014;0.060094;0.060094;0.504920;0.504920;0.710910;0.710910;1.145800;1.145800;1.056400;1.056400;1.407400;1.407400;1.069200;1.069200;0.875050;0.875050;1.000000
2.505300;2.505300;1.895800;1.895800;1.895800;1.245200;1.245200;1.245200;1.245200;0.580530;0.580530;0.580530;-0.415260;-0.415260;-0.415260;-0.764320;-0.764320;-0.764320;-0.764320;-0.848320;-0.848320;-0.848320;-1.025800;-1.025800;-1.025800;-1.288600;-1.288600;-1.288600;-0.867690;-0.867690;-0.867690;-0.867690;-1.056500;-1.056500;-1.056500;-0.876800;-0.876800;-0.876800;-0.204630;-0.204630;-0.204630;-0.204630;0.359670;0.359670;0.359670;0.724140;0.724140;0.724140;1.396800;1.396800;1.396800;1.396800;1.621500;1.621500;1.621500;1.226700;1.226700;1.226700;1.054900;1.054900;1.000000
2.339500;2.456300;2.456300;1.817100;1.012600;1.012600;0.256760;0.256760;-0.203410;-0.468120;-0.468120;-0.292660;-0.381900;-0.381900;-0.381900;-0.292660;-0.292660;-0.117190;-0.292660;-0.292660;-0.117190;-0.117190;-0.203410;-0.292660;-0.292660;-0.468120;-0.292660;-0.292660;-0.378880;-0.292660;-0.292660;-0.292660;-0.203410;-0.203410;-0.381900;-0.381900;-0.473960;-0.473960;-0.473960;-0.473960;-0.381900;-0.381900;-0.203410;0.283220;0.283220;0.869320;1.368100;1.368100;1.668400;1.668400;1.927900;1.634500;1.634500;1.048400;0.549620;0.549620;0.258990;0.011986;0.011986;-0.190940;2.000000
2.793800;2.310500;2.310500;1.522000;1.522000;0.607590;0.607590;-0.267370;-0.267370;-0.408570;-0.408570;-0.510330;-0.510330;-0.510330;-0.510330;-0.615660;-0.615660;-0.408570;-0.408570;-0.615660;-0.513900;-0.513900;-0.513900;-0.513900;-0.408570;-0.408570;-0.513900;-0.513900;-0.408570;-0.408570;-0.408570;-0.408570;-0.408570;-0.408570;-0.408570;-0.408570;-0.517230;-0.517230;-0.408570;-0.408570;-0.408570;-0.517230;-0.517230;-0.103440;-0.103440;0.778420;0.778420;1.443000;1.443000;2.137400;2.137400;2.785900;2.785900;2.726400;2.726400;1.718300;0.705630;0.705630;0.011189;0.011189;4.000000
2.844300;2.102200;2.102200;1.220700;1.220700;0.400320;0.400320;-0.249200;-0.249200;-0.498890;-0.607140;-0.607140;-0.607140;-0.607140;-0.502560;-0.502560;-0.502560;-0.614230;-0.614230;-0.505980;-0.505980;-0.620770;-0.620770;-0.505980;-0.505980;-0.505980;-0.282630;-0.282630;-0.282630;-0.282630;-0.167840;-0.167840;-0.394310;-0.394310;-0.394310;-0.620770;-0.620770;-0.620770;-0.620770;-0.620770;-0.620770;-0.394310;-0.282630;-0.282630;0.380240;0.380240;1.260700;1.260700;2.132000;2.132000;2.765300;3.258600;3.258600;2.825300;2.825300;1.830100;1.830100;0.841240;-0.026592;-0.026592;4.000000
2.921600;2.921600;2.292500;2.292500;1.736100;1.736100;0.737690;0.737690;-0.229520;-0.229520;-0.520850;-0.520850;-0.433980;-0.433980;-0.611640;-0.611640;-0.524770;-0.524770;-0.343180;-0.343180;-0.524770;-0.524770;-0.524770;-0.524770;-0.433980;-0.433980;-0.433980;-0.433980;-0.619470;-0.619470;-0.627240;-0.627240;-0.627240;-0.627240;-0.627240;-0.627240;-0.627240;-0.627240;-0.532540;-0.532540;0.174630;0.174630;0.841030;0.841030;1.607800;1.607800;2.473800;2.473800;3.043900;3.043900;2.323000;2.323000;1.541600;1.541600;0.657600;0.657600;-0.447360;-0.447360;-1.497900;-1.497900;4.000000
2.124900;2.124900;1.116100;1.116100;0.434120;0.434120;0.434120;-0.343930;-0.343930;-0.617520;-0.617520;-0.617520;-0.525000;-0.525000;-0.525000;-0.525000;-0.525000;-0.720470;-0.720470;-0.720470;-0.823030;-0.823030;-0.726980;-0.726980;-0.726980;-0.823030;-0.823030;-0.726980;-0.726980;-0.726980;-0.627560;-0.627560;-0.422430;-0.422430;-0.422430;-0.422430;-0.422430;-0.525000;-0.525000;-0.525000;-0.282150;-0.282150;-0.282150;0.116560;0.116560;0.408820;0.408820;0.408820;0.908120;0.908120;1.576100;1.576100;1.576100;1.796200;1.796200;1.621900;1.621900;1.621900;1.340400;1.340400;1.000000
1.952500;2.670700;2.670700;2.869500;2.869500;2.816300;2.816300;2.753500;2.753500;-0.502360;-0.502360;-0.336110;-0.502360;-0.502360;-0.419230;-0.419230;-0.502360;-0.502360;-0.419230;-0.419230;-0.588400;-0.588400;-0.505270;-0.768390;-0.768390;-0.685260;-0.685260;-0.685260;-0.685260;-0.507990;-0.507990;-0.507990;-0.507990;-0.328000;-0.328000;-0.328000;-0.239240;-0.239240;-0.510470;-0.510470;-0.510470;-0.510470;-0.330470;-0.330470;0.105150;0.105150;-0.061055;0.386970;0.386970;0.896170;0.896170;0.984210;0.984210;0.548590;0.548590;1.013500;1.013500;1.084800;0.575590;0.575590;1.000000
2.981100;2.981100;2.656100;2.656100;1.444400;1.444400;0.339060;0.339060;-0.390820;-0.390820;-0.515930;-0.515930;-0.771910;-0.771910;-0.702920;-0.702920;-0.519720;-0.519720;-0.519720;-0.519720;-0.615080;-0.615080;-0.622450;-0.622450;-0.527080;-0.527080;-0.724910;-0.724910;-0.724910;-0.724910;-0.527080;-0.527080;-0.428090;-0.428090;-0.329100;-0.329100;-0.226630;-0.226630;-0.226630;-0.226630;-0.226630;-0.428090;-0.428090;-0.035261;-0.035261;0.419420;0.419420;0.992100;0.992100;1.715200;1.715200;2.471200;2.471200;2.309600;2.309600;1.756000;1.756000;1.068200;1.068200;-0.120870;4.000000
1.250000;0.952040;0.952040;0.290270;0.290270;-0.374100;-0.374100;1.404500;1.404500;2.501500;2.501500;2.501500;2.501500;2.501500;2.501500;2.501500;2.501500;2.501500;2.501500;2.501500;2.501500;2.501500;2.501500;2.501500;2.501500;2.501500;2.501500;2.501500;2.501500;2.501500;2.501500;2.501500;2.501500;2.501500;2.501500;2.501500;2.501500;2.501500;2.501500;2.501500;2.501500;2.501500;2.501500;2.501500;0.044502;0.044502;0.407750;0.407750;0.686500;0.686500;0.849210;0.849210;0.663310;0.390910;0.390910;0.027660;0.027660;-0.251090;-0.251090;-0.534180;2.000000
2.550300;2.550300;1.652100;1.652100;0.409750;0.409750;-0.525330;-0.525330;3.008400;3.008400;-0.494870;-0.494870;-0.585150;-0.585150;-0.494870;-0.494870;-0.401430;-0.401430;-0.591270;-0.591270;-0.497830;-0.497830;-0.596920;-0.596920;-0.497830;-0.497830;-0.497830;-0.497830;-0.401430;-0.401430;-0.401430;-0.401430;-0.302350;-0.302350;-0.401430;-0.401430;-0.401430;-0.401430;-0.401430;-0.401430;-0.401430;-0.401430;-0.401430;-0.401430;-0.305030;-0.305030;-0.121310;-0.121310;0.230760;0.230760;0.651580;0.651580;1.072400;1.072400;1.379900;1.379900;1.625000;1.625000;1.481300;1.481300;1.000000
2.507300;2.060100;2.060100;1.707300;1.707300;0.865800;0.865800;-0.125360;-0.125360;-0.402750;-0.402750;-0.191240;-0.191240;-0.402750;-0.402750;-0.298640;-0.191240;-0.191240;-0.402750;-0.402750;-0.614270;-0.614270;-0.620560;-0.620560;-0.724670;-0.724670;-0.724670;-0.724670;-0.620560;-0.620560;-0.513150;-0.292360;-0.292360;-0.402750;-0.402750;-0.402750;-0.402750;-0.402750;-0.402750;-0.292360;-0.292360;-0.402750;-0.402750;0.066109;0.066109;0.543840;0.962750;0.962750;1.271900;1.271900;1.732200;1.732200;1.585200;1.585200;1.107500;1.107500;0.688610;0.688610;0.161680;0.161680;2.000000
2.046700;1.726600;1.726600;1.295300;0.706870;0.706870;0.167620;-0.157770;-0.157770;-0.078481;-0.078481;-0.234910;-0.234910;-0.234910;-0.234910;-0.391340;-0.391340;-0.391340;-0.314200;-0.314200;-0.314200;-0.314200;-0.314200;-0.234910;-0.234910;-0.234910;-0.234910;-0.234910;-0.234910;-0.234910;-0.234910;-0.234910;-0.234910;-0.234910;-0.234910;0.183010;0.183010;0.687020;1.336100;1.336100;1.728900;1.728900;1.728900;0.757080;0.757080;-0.476980;-2.596900;-2.596900;-3.407600;-3.211600;-3.211600;-2.323200;-1.211000;-1.211000;-0.316080;-0.914770;-0.914770;-1.221800;-1.314300;-1.314300;3.000000
2.182500;1.998400;1.998400;1.786900;1.786900;0.951190;0.951190;0.357390;-0.245670;-0.245670;-0.245670;-0.245670;-0.245670;-0.245670;-0.245670;-0.434950;-0.434950;-0.532900;-0.532900;-0.633950;-0.532900;-0.532900;-0.633950;-0.633950;-0.539320;-0.441360;-0.441360;-0.239250;-0.239250;-0.441360;-0.441360;-0.340310;-0.340310;-0.340310;-0.340310;-0.340310;-0.545230;-0.444180;-0.444180;-0.340310;-0.340310;-0.340310;-0.340310;-0.101040;0.526280;0.526280;1.134300;1.134300;1.373700;1.373700;1.943700;2.056700;2.056700;1.423300;1.423300;0.706860;0.472040;0.472040;-0.312720;-0.312720;2.000000
3.478000;3.244100;3.244100;2.389800;2.389800;1.533500;0.380720;0.380720;-0.282660;-0.282660;-0.656820;-0.408510;-0.408510;-0.656820;-0.656820;-0.534370;-0.408510;-0.408510;-0.282660;-0.282660;-0.408510;-0.282660;-0.282660;-0.282660;-0.282660;-0.534370;-0.534370;-0.534370;-0.534370;-0.534370;-0.534370;-0.534370;-0.534370;-0.408510;-0.408510;-0.408510;-0.408510;-0.408510;-0.014167;-0.014167;0.895780;0.895780;2.460700;3.181700;3.181700;3.181700;3.181700;2.285400;0.621860;0.621860;-1.381300;-1.381300;-2.102300;-1.770200;-1.770200;-1.162100;-1.162100;-0.408510;-0.076412;-0.076412;3.000000
1.840800;0.349720;0.349720;0.843580;0.843580;2.436300;2.462000;2.462000;-0.297910;-0.297910;-0.297910;-0.369980;-0.369980;-0.297910;-0.369980;-0.369980;-0.225830;-0.225830;-0.225830;-0.297910;-0.297910;-0.297910;-0.297910;-0.372510;-0.444580;-0.444580;-0.521550;-0.521550;-0.449470;-0.449470;-0.449470;-0.297910;-0.374870;-0.374870;-0.220940;-0.220940;-0.220940;-0.220940;-0.220940;-0.374870;-0.374870;-0.220940;-0.042222;-0.042222;0.397780;0.397780;0.801800;1.331900;1.331900;1.632900;1.546900;1.546900;1.106900;1.106900;0.787910;0.334750;0.334750;-0.213300;-0.213300;-0.467540;2.000000
2.845900;2.084600;2.084600;0.599450;0.599450;-0.176840;-0.311980;-0.311980;-0.344960;-0.344960;-0.541760;-0.444890;-0.444890;-0.444890;-0.444890;-0.444890;-0.547610;-0.547610;-0.344960;-0.344960;-0.344960;-0.245030;-0.245030;-0.245030;-0.245030;-0.045444;-0.245030;-0.245030;-0.148160;-0.148160;-0.344960;-0.248090;-0.248090;-0.344960;-0.344960;-0.248090;-0.344960;-0.344960;-0.248090;-0.248090;-0.344960;-0.541760;-0.541760;-0.161220;-0.161220;-0.161220;0.048625;0.048625;0.048625;0.048625;0.518840;-0.095832;-0.095832;-0.019917;-0.019917;-0.229760;-0.088287;-0.088287;-0.239800;-0.239800;3.000000
2.895600;2.895600;2.090300;2.090300;1.512000;1.512000;0.647930;0.647930;-0.288790;-0.288790;-0.429920;-0.429920;-0.321250;-0.321250;-0.535630;-0.535630;-0.535630;-0.535630;-0.429920;-0.429920;-0.324200;-0.324200;-0.324200;-0.324200;-0.429920;-0.429920;-0.429920;-0.429920;-0.429920;-0.429920;-0.535630;-0.535630;-0.535630;-0.535630;-0.429920;-0.429920;-0.429920;-0.429920;-0.429920;-0.429920;-0.429920;-0.429920;-0.538580;-0.538580;-0.429920;-0.429920;-0.133540;-0.133540;0.231360;0.231360;0.231360;0.638330;0.638330;1.232700;1.232700;1.526800;1.526800;1.477600;1.477600;1.438300;1.000000
2.424600;1.327100;1.327100;0.379050;0.379050;1.239600;1.239600;1.976700;1.976700;-0.293780;-0.376400;-0.376400;-0.459020;-0.459020;-0.459020;-0.459020;-0.459020;-0.459020;-0.459020;-0.376400;-0.376400;-0.376400;-0.376400;-0.376400;-0.376400;-0.376400;-0.376400;-0.462170;-0.376400;-0.376400;-0.462170;-0.462170;-0.462170;-0.462170;-0.550950;-0.550950;-0.376400;-0.550950;-0.550950;-0.465180;-0.465180;-0.208000;-0.208000;0.451480;0.451480;1.095400;1.886000;1.886000;2.424800;2.424800;2.362200;2.362200;1.791500;1.791500;0.864240;0.062664;0.062664;-0.576780;-0.576780;-0.872580;4.000000
2.358700;1.961900;1.961900;0.892720;0.892720;-0.189550;-0.189550;-0.333780;-0.333780;-0.493040;-0.493040;-0.579700;-0.579700;-0.673330;-0.673330;-0.493040;-0.493040;-0.586670;-0.586670;-0.496470;-0.496470;-0.496470;-0.496470;-0.309220;-0.309220;-0.402850;-0.402850;-0.402850;-0.402850;-0.402850;-0.402850;-0.402850;-0.402850;-0.693360;-0.693360;-0.796120;-0.796120;-0.702490;-0.702490;-0.599730;-0.599730;-0.319460;-0.319460;0.311740;0.311740;0.868190;0.868190;1.315600;1.315600;1.584400;1.584400;1.401000;1.401000;1.381900;1.381900;1.037000;1.037000;0.589600;0.589600;0.327970;1.000000
2.217300;2.049300;2.049300;1.744100;0.853500;0.853500;0.181320;0.181320;-0.216210;-0.311850;-0.311850;-0.311850;-0.410520;-0.410520;-0.311850;-0.311850;-0.506160;-0.410520;-0.410520;-0.410520;-0.213190;-0.213190;-0.410520;-0.213190;-0.213190;-0.213190;-0.213190;-0.213190;-0.410520;-0.410520;-0.213190;-0.410520;-0.410520;-0.410520;-0.311850;-0.311850;-0.213190;-0.213190;-0.410520;-0.311850;-0.311850;-0.213190;-0.216210;-0.216210;0.267720;0.267720;0.933450;1.519900;1.519900;1.819500;2.067900;2.067900;1.584000;1.016900;1.016900;0.538880;0.538880;0.249630;-0.094376;-0.094376;2.000000
2.250800;2.250800;1.916800;1.916800;1.434500;1.434500;0.472740;0.472740;-0.075368;-0.075368;-0.334500;-0.334500;-0.439590;-0.439590;-0.541130;-0.541130;-0.439590;-0.439590;-0.541130;-0.541130;-0.338060;-0.338060;-0.439590;-0.439590;-0.439590;-0.439590;-0.338060;-0.338060;-0.439590;-0.439590;-0.541130;-0.541130;-0.338060;-0.338060;-0.338060;-0.338060;-0.541130;-0.541130;-0.541130;-0.338060;-0.338060;-0.240250;-0.240250;-0.291840;-0.291840;0.089449;0.089449;0.613850;0.613850;1.037900;1.037900;1.443500;1.443500;1.808100;1.808100;1.544800;1.544800;1.241100;1.241100;0.596340;1.000000
